<?xml version="1.0" encoding="UTF-8" standalone="no"?>
<!-- Created with Inkscape (http://www.inkscape.org/) -->

<svg
   width="142.81755mm"
   height="142.81755mm"
   viewBox="0 0 142.81755 142.81755"
   version="1.1"
   id="svg5"
   sodipodi:docname="/tmp/ink_ext_XXXXXX.svgF6VIP1"
   inkscape:version="1.2 (56b05e47e7, 2022-06-09, custom)"
   xmlns:inkscape="http://www.inkscape.org/namespaces/inkscape"
   xmlns:sodipodi="http://sodipodi.sourceforge.net/DTD/sodipodi-0.dtd"
   xmlns="http://www.w3.org/2000/svg"
   xmlns:svg="http://www.w3.org/2000/svg">
  <sodipodi:namedview
     id="namedview7"
     pagecolor="#505050"
     bordercolor="#ffffff"
     borderopacity="1"
     inkscape:showpageshadow="0"
     inkscape:pageopacity="0"
     inkscape:pagecheckerboard="1"
     inkscape:deskcolor="#505050"
     inkscape:document-units="mm"
     showgrid="false"
     inkscape:zoom="0.68684764"
     inkscape:cx="-149.23251"
     inkscape:cy="130.30546"
     inkscape:window-width="1920"
     inkscape:window-height="1043"
     inkscape:window-x="0"
     inkscape:window-y="0"
     inkscape:window-maximized="1"
     inkscape:current-layer="layer1" />
  <defs
     id="defs2" />
  <g
     inkscape:label="Layer 1"
     inkscape:groupmode="layer"
     id="layer1"
     transform="translate(-43.162888,-98.52929)">
    <circle
       style="opacity:1;fill:#ffbffb;fill-opacity:1;stroke:#000000;stroke-width:2.81755;stroke-linecap:round;stroke-linejoin:round;stroke-dasharray:none;stroke-opacity:1"
       id="path1097"
       cx="114.57166"
       cy="169.93806"
       r="70" />
    <path
       style="fill:none;stroke:#000000;stroke-width:4.43773;stroke-linecap:round;stroke-linejoin:round;stroke-opacity:0.981088"
       d="m 60.017646,202.5647 c 0.121597,-0.0199 0.243321,-0.04 0.36492,-0.0621 0.121598,-0.0199 0.243322,-0.0422 0.36492,-0.0643 0.121598,-0.0222 0.243322,-0.0444 0.36492,-0.0687 0.121597,-0.0221 0.243195,-0.0466 0.36492,-0.0709 0.121598,-0.0245 0.243195,-0.051 0.364919,-0.0755 0.121599,-0.0267 0.243196,-0.0532 0.364922,-0.0799 0.121597,-0.0289 0.243194,-0.0555 0.364919,-0.0843 0.121597,-0.0289 0.243196,-0.0577 0.364919,-0.0888 0.121599,-0.0311 0.243196,-0.0621 0.364794,-0.0932 0.121725,-0.0311 0.243322,-0.0643 0.36492,-0.0976 0.121724,-0.0333 0.243323,-0.0665 0.36492,-0.10206 0.121724,-0.0355 0.243322,-0.071 0.36492,-0.1065 0.121725,-0.0377 0.243322,-0.0755 0.36492,-0.11314 0.121725,-0.04 0.243322,-0.0777 0.36492,-0.1198 0.121598,-0.04 0.243323,-0.0799 0.36492,-0.12425 0.121598,-0.0422 0.243324,-0.0843 0.364921,-0.12869 0.121598,-0.0444 0.243322,-0.091 0.36492,-0.13535 0.121598,-0.0466 0.243321,-0.0954 0.36492,-0.1442 0.121597,-0.0488 0.243196,-0.0976 0.36492,-0.14866 0.121597,-0.051 0.243195,-0.10206 0.364919,-0.15531 0.121599,-0.0532 0.243196,-0.10871 0.36492,-0.16418 0.121598,-0.0555 0.243196,-0.11093 0.364921,-0.16862 0.121597,-0.0599 0.243195,-0.11758 0.36492,-0.17971 0.121598,-0.0599 0.243195,-0.12204 0.364792,-0.18415 0.121726,-0.0643 0.243323,-0.12868 0.364921,-0.19524 0.121725,-0.0643 0.243322,-0.13312 0.36492,-0.2019 0.121724,-0.0688 0.243323,-0.13756 0.36492,-0.21078 0.121725,-0.0709 0.243322,-0.14421 0.364919,-0.21965 0.121725,-0.0733 0.243323,-0.15087 0.364921,-0.22852 0.121598,-0.0777 0.243322,-0.15752 0.36492,-0.2374 0.121596,-0.0821 0.243322,-0.16418 0.364919,-0.24849 0.121599,-0.0843 0.243323,-0.17084 0.364921,-0.25736 0.121597,-0.0888 0.243322,-0.1775 0.36492,-0.26847 0.121597,-0.091 0.243196,-0.18414 0.36492,-0.27733 0.121597,-0.0954 0.243196,-0.19081 0.36492,-0.29065 0.121598,-0.0976 0.243195,-0.19746 0.36492,-0.29952 0.121599,-0.10206 0.243196,-0.20633 0.36492,-0.31061 0.121597,-0.10649 0.243195,-0.21299 0.36492,-0.32393 0.121598,-0.10872 0.243196,-0.21965 0.364793,-0.33502 0.121725,-0.11314 0.243322,-0.22853 0.364919,-0.34611 0.121725,-0.11759 0.243323,-0.23741 0.364922,-0.35943 0.121723,-0.12203 0.243322,-0.24627 0.364919,-0.37052 0.121725,-0.12646 0.243323,-0.25514 0.364919,-0.38605 0.121599,-0.1309 0.243323,-0.2618 0.364922,-0.39714 0.121597,-0.13534 0.243322,-0.2729 0.364919,-0.41046 0.121598,-0.13978 0.243322,-0.28177 0.364921,-0.42598 0.121598,-0.14421 0.243322,-0.28843 0.364919,-0.43708 0.121598,-0.14865 0.243322,-0.29952 0.36492,-0.45261 0.121598,-0.15308 0.243195,-0.30839 0.364921,-0.46814 0.121596,-0.15753 0.243194,-0.31727 0.364918,-0.48145 0.121598,-0.16196 0.243197,-0.32615 0.364921,-0.49477 0.121598,-0.16861 0.243195,-0.33724 0.36492,-0.51029 0.121598,-0.17306 0.243195,-0.34834 0.36492,-0.52583 0.121598,-0.17749 0.243196,-0.35942 0.364794,-0.54136 0.121724,-0.18193 0.243321,-0.36829 0.364919,-0.55688 0.121725,-0.18859 0.243323,-0.37717 0.364921,-0.57243 0.121724,-0.19302 0.243322,-0.38826 0.364919,-0.58573 0.121725,-0.19968 0.243322,-0.39936 0.36492,-0.60347 0.121598,-0.20412 0.243323,-0.41046 0.364921,-0.61901 0.121597,-0.20856 0.243321,-0.42155 0.364919,-0.63454 0.121598,-0.21521 0.243322,-0.43265 0.36492,-0.65229 0.121598,-0.21965 0.243322,-0.44152 0.364921,-0.66561 0.121598,-0.2263 0.243323,-0.45261 0.364921,-0.68335 0.121598,-0.23074 0.243194,-0.4637 0.364919,-0.69889 0.121597,-0.23517 0.243196,-0.47479 0.36492,-0.71663 0.121598,-0.23961 0.243196,-0.48367 0.36492,-0.72994 0.121598,-0.24627 0.243195,-0.49476 0.36492,-0.74769 0.121598,-0.25072 0.243195,-0.50586 0.364794,-0.76323 0.121724,-0.25737 0.243322,-0.51695 0.364919,-0.77875 0.121724,-0.26181 0.243322,-0.52804 0.36492,-0.79429 0.121725,-0.26846 0.243322,-0.53914 0.36492,-0.80981 0.121725,-0.2729 0.243323,-0.54802 0.36492,-0.82757 0.121725,-0.27733 0.243323,-0.55689 0.364921,-0.84088 0.121598,-0.28177 0.243321,-0.56798 0.364919,-0.85641 0.121599,-0.28621 0.243322,-0.57685 0.364921,-0.86972 0.121597,-0.29287 0.243322,-0.58795 0.36492,-0.88525 0.121596,-0.2973 0.243321,-0.59683 0.364919,-0.90078 0.121598,-0.30174 0.243323,-0.60571 0.364921,-0.91188 0.121598,-0.3084 0.243194,-0.61679 0.364919,-0.92741 0.121598,-0.31283 0.243196,-0.62566 0.36492,-0.94071 0.121601,-0.31727 0.243193,-0.63454 0.364919,-0.95404 0.1216,-0.31949 0.243201,-0.6412 0.364918,-0.96512 0.121601,-0.32393 0.243201,-0.65007 0.364792,-0.97843 0.121727,-0.32837 0.243327,-0.65895 0.364927,-0.98953 0.121718,-0.33281 0.243318,-0.66561 0.364919,-1.00063 0.121726,-0.33502 0.243318,-0.67226 0.364918,-1.01172 0.121725,-0.33723 0.243326,-0.67891 0.364919,-1.02058 0.121725,-0.34168 0.243326,-0.68558 0.364925,-1.02947 0.121593,-0.34612 0.243318,-0.69223 0.364919,-1.04056 0.121592,-0.34611 0.243318,-0.69666 0.364918,-1.04721 0.121599,-0.35055 0.243318,-0.7011 0.364919,-1.05388 0.1216,-0.35276 0.243326,-0.70775 0.364918,-1.06274 0.1216,-0.35499 0.243326,-0.70998 0.364925,-1.06718 0.121593,-0.35721 0.243193,-0.71442 0.364919,-1.07385 0.121593,-0.3572 0.243192,-0.71663 0.364918,-1.07827 0.1216,-0.35943 0.243193,-0.72107 0.364919,-1.0805 0.121601,-0.36164 0.243201,-0.72328 0.364919,-1.08493 0.121599,-0.36164 0.243199,-0.72551 0.3648,-1.08715 0.121718,-0.36386 0.243318,-0.7255 0.364918,-1.08937 0.121725,-0.36386 0.243318,-0.72551 0.364918,-1.08936 0.121726,-0.36387 0.243318,-0.72551 0.364919,-1.08938 0.121724,-0.36164 0.243325,-0.7255 0.364918,-1.08714 0.121726,-0.36166 0.243327,-0.7233 0.364926,-1.08494 0.121593,-0.36164 0.243318,-0.72329 0.364919,-1.08271 0.121592,-0.36165 0.243318,-0.72108 0.364918,-1.07828 0.1216,-0.35943 0.243325,-0.71663 0.364918,-1.07384 0.1216,-0.35721 0.243327,-0.71441 0.364918,-1.0694 0.1216,-0.35499 0.2432,-0.70776 0.36493,-1.06053 0.121587,-0.35277 0.243187,-0.70332 0.364917,-1.05387 0.1216,-0.34833 0.243187,-0.69666 0.364917,-1.04277 0.1216,-0.34834 0.24319,-0.69224 0.36492,-1.03613 0.1216,-0.34167 0.2432,-0.68335 0.36492,-1.02281 0.1216,-0.33946 0.2432,-0.67669 0.36479,-1.01172 0.12173,-0.33502 0.24332,-0.67004 0.36493,-1.00061 0.12172,-0.33059 0.24331,-0.65896 0.36491,-0.9851 0.12173,-0.32615 0.24333,-0.65007 0.36492,-0.97178 0.12172,-0.31949 0.24333,-0.63897 0.36492,-0.95403 0.12173,-0.31505 0.24332,-0.62789 0.36493,-0.9385 0.1216,-0.31062 0.24331,-0.6168 0.36492,-0.92075 0.1216,-0.30396 0.24332,-0.60348 0.36491,-0.90078 0.12161,-0.29731 0.24333,-0.59239 0.36492,-0.88303 0.1216,-0.29065 0.24333,-0.57686 0.36492,-0.86085 0.12161,-0.28399 0.2432,-0.56355 0.36493,-0.84088 0.12159,-0.27734 0.24319,-0.54801 0.36491,-0.81869 0.12161,-0.26846 0.24319,-0.53248 0.36492,-0.79429 0.1216,-0.25958 0.24321,-0.51695 0.36492,-0.76988 0.12161,-0.25293 0.2432,-0.4992 0.36493,-0.74547 0.12159,-0.24405 0.24319,-0.48368 0.36479,-0.71886 0.12172,-0.23517 0.24331,-0.46591 0.36492,-0.69222 0.12172,-0.2263 0.24331,-0.44817 0.36491,-0.66338 0.12174,-0.21743 0.24333,-0.43043 0.36492,-0.63676 0.12173,-0.20856 0.24333,-0.41046 0.36492,-0.60792 0.12161,-0.19746 0.24333,-0.39049 0.36493,-0.57908 0.1216,-0.18636 0.24331,-0.37052 0.36492,-0.54801 0.1216,-0.17749 0.24332,-0.34833 0.36491,-0.51473 0.12161,-0.16862 0.24333,-0.33058 0.36493,-0.48589 0.1216,-0.15753 0.24332,-0.30839 0.36492,-0.45261 0.1216,-0.14644 0.24319,-0.2862 0.36492,-0.41933 0.12158,-0.13535 0.24319,-0.26402 0.36492,-0.38827 0.1216,-0.12203 0.24318,-0.23962 0.36492,-0.35277 0.12159,-0.11314 0.2432,-0.21743 0.36491,-0.31949 0.12162,-0.0998 0.24321,-0.19524 0.36493,-0.28399 0.12159,-0.0888 0.2432,-0.17305 0.36479,-0.2507 0.12173,-0.0777 0.24332,-0.14866 0.36493,-0.213 0.12172,-0.0665 0.24331,-0.12646 0.3649,-0.17971 0.12174,-0.0533 0.24334,-0.10207 0.36493,-0.14422 0.12172,-0.0422 0.24332,-0.0777 0.36492,-0.10872 0.1216,-0.0289 0.24332,-0.0532 0.36492,-0.0709 0.1216,-0.0177 0.24332,-0.0311 0.36492,-0.0355 0.1216,-0.007 0.24332,-0.007 0.36492,0 0.12161,0.004 0.24332,0.0177 0.36493,0.0355 0.12159,0.0177 0.24331,0.0422 0.36491,0.0709 0.12159,0.0311 0.24319,0.0665 0.36493,0.10872 0.12158,0.0422 0.24318,0.091 0.36491,0.14422 0.1216,0.0532 0.24319,0.11314 0.36492,0.17971 0.1216,0.0643 0.2432,0.13535 0.36491,0.213 0.1216,0.0777 0.2432,0.16196 0.36494,0.2507 0.12158,0.0888 0.24318,0.18415 0.36478,0.28399 0.12173,0.10206 0.24331,0.20634 0.36492,0.31949 0.12172,0.11315 0.24332,0.23074 0.36491,0.35277 0.12173,0.12425 0.24332,0.25293 0.36492,0.38827 0.12173,0.13312 0.24333,0.27289 0.36493,0.41933 0.12159,0.14422 0.24332,0.29508 0.36492,0.45261 0.1216,0.15531 0.24332,0.31727 0.36492,0.48589 0.12161,0.1664 0.24332,0.33724 0.36492,0.51473 0.12161,0.17749 0.24333,0.36165 0.36492,0.54801 0.1216,0.18859 0.24333,0.38162 0.36493,0.57908 0.12159,0.19746 0.24319,0.39936 0.36492,0.60792 0.1216,0.20633 0.24319,0.41933 0.36491,0.63676 0.12161,0.21521 0.24319,0.43708 0.36492,0.66338 0.12159,0.22631 0.2432,0.45705 0.36492,0.69223 0.1216,0.23517 0.24319,0.4748 0.3648,0.71885 0.12171,0.24627 0.24332,0.49255 0.36491,0.74548 0.12174,0.25293 0.24332,0.51029 0.36493,0.76988 0.12171,0.2618 0.24332,0.52582 0.36491,0.79428 0.12173,0.27068 0.24332,0.54136 0.36492,0.81869 0.12172,0.27733 0.24333,0.55689 0.36492,0.84088 0.1216,0.28399 0.24332,0.5702 0.36493,0.86085 0.1216,0.29064 0.24331,0.58573 0.36492,0.88303 0.12159,0.2973 0.24332,0.59683 0.36491,0.90078 0.1216,0.30396 0.24333,0.61014 0.36493,0.92075 0.12159,0.31062 0.24332,0.62345 0.36491,0.9385 0.1216,0.31506 0.24319,0.63454 0.36493,0.95404 0.12159,0.3217 0.24319,0.64563 0.36491,0.97177 0.1216,0.32615 0.24319,0.65452 0.36493,0.9851 0.12159,0.33057 0.24319,0.6656 0.36491,1.00062 0.1216,0.33502 0.24319,0.67226 0.3648,1.01172 0.12171,0.33946 0.24332,0.68113 0.36492,1.0228 0.12172,0.34389 0.24331,0.68779 0.36492,1.03613 0.12172,0.34611 0.24333,0.69444 0.36491,1.04278 0.12173,0.35055 0.24333,0.7011 0.36493,1.05386 0.12171,0.35278 0.24331,0.70554 0.36492,1.06053 0.12159,0.35499 0.24332,0.71219 0.36491,1.06941 0.12161,0.3572 0.24333,0.7144 0.36493,1.07383 0.12159,0.3572 0.24332,0.71663 0.36491,1.07828 0.12161,0.35942 0.24333,0.72107 0.36493,1.08271 0.12159,0.36165 0.2432,0.72329 0.36491,1.08494 0.1216,0.36164 0.24319,0.72551 0.36493,1.08715 0.12159,0.36386 0.24319,0.7255 0.36491,1.08937 0.12161,0.36386 0.2432,0.72551 0.36492,1.08936 0.1216,0.36387 0.24321,0.72551 0.36492,1.08937 0.1216,0.36165 0.24319,0.72551 0.3648,1.08715 0.12172,0.36166 0.24332,0.7233 0.36491,1.08494 0.12173,0.35943 0.24332,0.72107 0.36493,1.08049 0.12172,0.36165 0.24332,0.72107 0.36491,1.07828 0.12172,0.35942 0.24332,0.71664 0.36493,1.07384 0.12172,0.3572 0.24331,0.71219 0.36492,1.06718 0.12158,0.35499 0.24332,0.70998 0.36492,1.06274 0.1216,0.35278 0.24331,0.70333 0.36492,1.05388 0.12159,0.35055 0.24333,0.7011 0.36491,1.04722 0.12161,0.34832 0.24332,0.69444 0.36493,1.04055 0.12159,0.3439 0.2432,0.6878 0.36492,1.02947 0.12161,0.34168 0.24319,0.68335 0.36493,1.02058 0.12159,0.33947 0.24319,0.6767 0.36491,1.01172 0.12161,0.33503 0.2432,0.66782 0.36492,1.00063 0.1216,0.33059 0.24321,0.66116 0.36492,0.98953 0.1216,0.32836 0.24319,0.6545 0.3648,0.97844 0.12173,0.32392 0.24332,0.64562 0.36491,0.96512 0.12173,0.31949 0.24332,0.63676 0.36492,0.95403 0.12173,0.31505 0.24333,0.62788 0.36492,0.94072 0.12173,0.31061 0.24332,0.61901 0.36492,0.92741 0.12173,0.30617 0.24333,0.61013 0.36492,0.91187 0.1216,0.30395 0.24332,0.60348 0.36492,0.90078 0.12161,0.29731 0.24333,0.59238 0.36493,0.88526 0.12159,0.29286 0.24332,0.5835 0.3649,0.86971 0.12161,0.28843 0.24334,0.57464 0.36494,0.85641 0.12159,0.28399 0.24319,0.56355 0.36491,0.84088 0.12161,0.27955 0.2432,0.55467 0.36492,0.82757 0.1216,0.27067 0.24319,0.54136 0.36491,0.80981 0.12161,0.26625 0.24321,0.53248 0.36494,0.79429 0.12159,0.2618 0.24318,0.52139 0.36491,0.77876 0.1216,0.25736 0.2432,0.51251 0.3648,0.76322 0.12172,0.25293 0.24331,0.50142 0.36491,0.74769 0.12173,0.24628 0.24333,0.49033 0.36492,0.72995 0.12173,0.24183 0.24332,0.48145 0.36492,0.71663 0.12173,0.23518 0.24333,0.46815 0.36441,0.69888 0.12174,0.23074 0.24346,0.45705 0.36519,0.68335 0.12171,0.22409 0.24345,0.44596 0.36517,0.66561 0.12172,0.21965 0.24346,0.43708 0.36517,0.65229 0.12172,0.213 0.24345,0.42598 0.36517,0.63454 0.12172,0.20856 0.24218,0.41489 0.36391,0.61901 0.12172,0.20412 0.24345,0.4038 0.36517,0.60348 0.12173,0.19746 0.24345,0.39271 0.36517,0.58573 0.12174,0.19525 0.24346,0.38383 0.36519,0.57242 0.12171,0.18859 0.24345,0.37495 0.36516,0.55688 0.12047,0.18194 0.24217,0.36387 0.36392,0.54137 0.12171,0.17749 0.24344,0.35276 0.36517,0.52582 0.12172,0.17306 0.24344,0.34168 0.36516,0.51029 0.12173,0.16862 0.24346,0.33281 0.36518,0.49477 0.12173,0.16419 0.24345,0.32392 0.36518,0.48146 0.12044,0.15974 0.24218,0.31505 0.36389,0.46813 0.12174,0.15309 0.24345,0.30396 0.36519,0.45261 0.12172,0.14865 0.24344,0.29287 0.36517,0.43709 0.12171,0.1442 0.24345,0.2862 0.36517,0.42598 0.12173,0.13755 0.24344,0.27512 0.36391,0.41045 0.12172,0.13535 0.24345,0.26624 0.36516,0.39715 0.12172,0.1309 0.24346,0.25958 0.36518,0.38604 0.12172,0.12426 0.24346,0.24849 0.36517,0.37052 0.12173,0.12203 0.24345,0.24184 0.36519,0.35943 0.12171,0.11759 0.24343,0.23296 0.36389,0.34611 0.12174,0.11538 0.24346,0.22631 0.36518,0.33502 0.12173,0.11094 0.24345,0.21744 0.36518,0.32394 0.12172,0.10426 0.24345,0.20854 0.36517,0.3106 0.12171,0.10206 0.24345,0.20191 0.36517,0.29953 0.12172,0.0998 0.24217,0.19524 0.36391,0.29065 0.12172,0.0932 0.24345,0.18636 0.36516,0.27732 0.12173,0.091 0.24346,0.17972 0.36518,0.26847 0.12174,0.0865 0.24345,0.17305 0.36518,0.25736 0.12172,0.0843 0.24345,0.16641 0.36517,0.24849 0.12173,0.0799 0.24217,0.15975 0.3639,0.2374 0.12173,0.0777 0.24345,0.15531 0.36519,0.22853 0.12171,0.0755 0.24343,0.14865 0.36517,0.21964 0.12172,0.0733 0.24345,0.142 0.36516,0.21078 0.12174,0.0687 0.24345,0.13756 0.36518,0.2019 0.12044,0.0665 0.24219,0.1309 0.3639,0.19524 0.12173,0.0621 0.24346,0.12425 0.36518,0.18415 0.12172,0.0621 0.24344,0.11981 0.36517,0.17972 0.12172,0.0577 0.24345,0.11314 0.36518,0.16861 0.12172,0.0555 0.24344,0.11093 0.36517,0.16419 0.12047,0.0532 0.24218,0.10427 0.36391,0.1553 0.12171,0.051 0.24344,0.0998 0.36517,0.14866 0.12172,0.0488 0.24345,0.0976 0.36516,0.14421 0.12174,0.0444 0.24346,0.091 0.36519,0.13535 0.12171,0.0444 0.24344,0.0865 0.3639,0.12868 0.12173,0.0444 0.24345,0.0843 0.36517,0.12425 0.12174,0.0422 0.24346,0.0799 0.36518,0.11981 0.12173,0.0377 0.24345,0.0755 0.36518,0.11314 0.12171,0.0355 0.24345,0.0709 0.36516,0.10649 0.12173,0.0355 0.24345,0.0687 0.36392,0.10206 0.12172,0.0333 0.24344,0.0665 0.36517,0.0976 0.12171,0.0311 0.24345,0.0621 0.36516,0.0932 0.12174,0.0311 0.24345,0.0599 0.36518,0.0888 0.12173,0.0289 0.24346,0.0555 0.36518,0.0843 0.12173,0.0267 0.24218,0.0532 0.3639,0.0799 0.12173,0.0245 0.24345,0.051 0.36517,0.0755 0.12173,0.0245 0.24345,0.0488 0.36519,0.0709 0.12171,0.0245 0.24345,0.0466 0.36515,0.0687 0.12174,0.0221 0.24346,0.0444 0.36519,0.0643 0.12173,0.0222 0.24217,0.0422 0.3639,0.0621"
       title="t (1/sqrt(2*pi)) * exp(-pow(t,2)/2)"
       id="path271" />
    <text
       xml:space="preserve"
       style="font-size:48.9137px;fill:#000000;fill-opacity:1;stroke:#000000;stroke-width:2.27855;stroke-linecap:round;stroke-linejoin:round;stroke-dasharray:none;stroke-opacity:0.981088"
       x="108.13609"
       y="186.34204"
       id="text438"
       transform="scale(0.91217122,1.0962854)"><tspan
         sodipodi:role="line"
         id="tspan436"
         x="108.13609"
         y="186.34204"
         style="fill:#000000;fill-opacity:1;stroke-width:2.27855;stroke-dasharray:none">D</tspan></text>
    <text
       xml:space="preserve"
       style="font-size:48.9137px;fill:#000000;fill-opacity:1;stroke:#000000;stroke-width:2.27855;stroke-linecap:round;stroke-linejoin:round;stroke-dasharray:none;stroke-opacity:0.981088"
       x="59.637222"
       y="159.26785"
       id="text438-3"
       transform="scale(0.91217122,1.0962854)"><tspan
         sodipodi:role="line"
         id="tspan436-6"
         x="59.637222"
         y="159.26785"
         style="fill:#000000;fill-opacity:1;stroke-width:2.27855;stroke-dasharray:none">D</tspan></text>
    <text
       xml:space="preserve"
       style="font-size:48.9137px;fill:#000000;fill-opacity:1;stroke:#000000;stroke-width:2.27855;stroke-linecap:round;stroke-linejoin:round;stroke-dasharray:none;stroke-opacity:0.981088"
       x="156.89647"
       y="159.26785"
       id="text438-3-7"
       transform="scale(0.91217122,1.0962854)"><tspan
         sodipodi:role="line"
         id="tspan436-6-5"
         x="156.89647"
         y="159.26785"
         style="fill:#000000;fill-opacity:1;stroke-width:2.27855;stroke-dasharray:none">D</tspan></text>
  </g>
</svg>
